td_0_string=Play
td_0_data=71.000000 382.000000 2 0 1 0 0.437498 4.750000 1296911871 255 200 1 304.500000 105.500000 1 2 1 0 1 1 -10.000000 0.000000 -20.000000 1.000000 255 255 200 play_button
td_0_bar_data=100.000000 0 
td_1_string=Preview_Model
td_1_data=239.000000 69.000000 5 0 0 0 0.600000 2.000000 -1 125 255 0 150.000000 232.000000 0 1 1 0 1 1 -10.000000 0.000000 -20.000000 1.000000 255 125 255 player_avatar
td_1_bar_data=100.000000 0 
td_2_string=Preview_Model
td_2_data=393.000000 69.000000 5 0 0 0 0.600000 2.000000 -1 125 255 0 150.000000 232.000000 1 1 1 0 1 1 -10.000000 0.000000 -20.000000 1.000000 255 125 255 friend_1
td_2_bar_data=100.000000 0 
td_3_string=Preview_Model
td_3_data=85.000000 70.000000 5 0 0 0 0.600000 2.000000 -1 125 255 0 150.000000 232.000000 1 1 1 0 1 1 -10.000000 0.000000 -20.000000 1.000000 255 125 255 friend_2
td_3_bar_data=100.000000 0 
td_4_string=HUD:radar_tshirt
td_4_data=601.000000 396.000000 4 1 0 0 0.600000 2.000000 -1 -2016478465 50 1 26.500000 26.500000 1 3 1 0 1 1 -10.000000 0.000000 -20.000000 1.000000 255 255 50 change_ped
td_4_bar_data=100.000000 0 
td_5_string=TextDraw
td_5_data=160.000000 46.000000 1 0 1 0 0.600000 2.000000 -1 255 50 1 400.000000 141.500000 0 2 1 0 1 1 -10.000000 0.000000 -20.000000 1.000000 255 255 50 friend_name_2
td_5_bar_data=100.000000 0 
td_6_string=TextDraw
td_6_data=467.000000 46.000000 1 0 1 0 0.600000 2.000000 -1 255 50 1 400.000000 141.500000 0 2 1 0 1 1 -10.000000 0.000000 -20.000000 1.000000 255 255 50 friend_name_1
td_6_bar_data=100.000000 0 
td_7_string=TextDraw
td_7_data=314.000000 45.000000 1 0 1 0 0.600000 2.000000 -1 255 50 1 400.000000 141.500000 0 2 1 0 1 1 -10.000000 0.000000 -20.000000 1.000000 255 255 50 playerName
td_7_bar_data=100.000000 0 
td_8_string=Select Mode
td_8_data=50.000000 325.000000 1 0 0 2 0.337500 1.950000 -1 255 50 0 400.000000 103.000000 0 2 1 0 1 1 -10.000000 0.000000 -20.000000 1.000000 255 255 50 SelectMode
td_8_bar_data=100.000000 0 
td_9_string=Solo
td_9_data=37.000000 357.000000 2 0 1 0 0.258332 1.750000 -1 255 200 1 16.500000 32.000000 1 2 1 0 1 1 -10.000000 0.000000 -20.000000 1.000000 255 255 200 SoloButton
td_9_bar_data=100.000000 0 
td_10_string=Squad
td_10_data=101.000000 357.000000 2 0 1 0 0.258332 1.750000 -1 255 200 1 16.500000 39.500000 1 2 1 0 1 1 -10.000000 0.000000 -20.000000 1.000000 255 255 200 
td_10_bar_data=100.000000 0 
