td_0_string=Preview_Model
td_0_data=215.000000 72.000000 5 0 0 0 0.600000 2.000000 -1 125 255 0 202.500000 265.000000 0 1 1 0 1 1 -10.000000 0.000000 -20.000000 1.000000 255 125 255 pedPreview
td_0_bar_data=100.000000 0 
td_1_string=Back
td_1_data=262.000000 341.000000 2 0 1 0 0.258332 1.750000 -1 255 200 1 16.500000 90.500000 1 2 1 0 1 1 -10.000000 0.000000 -20.000000 1.000000 255 255 200 backButton
td_1_bar_data=100.000000 0 
td_2_string=Next
td_2_data=369.000000 341.000000 2 0 1 0 0.258332 1.750000 -1 255 200 1 16.500000 90.500000 1 2 1 0 1 1 -10.000000 0.000000 -20.000000 1.000000 255 255 200 nextButton
td_2_bar_data=100.000000 0 
td_3_string=Select
td_3_data=316.000000 365.000000 2 0 1 0 0.258332 1.750000 -1 255 200 1 16.500000 90.500000 1 2 1 0 1 1 -10.000000 0.000000 -20.000000 1.000000 255 255 200 selectButton
td_3_bar_data=100.000000 0 
td_4_string=ld_beat:left
td_4_data=603.000000 405.000000 4 0 1 0 0.600000 2.000000 -1 255 50 1 32.500000 38.000000 1 1 1 0 1 1 -10.000000 0.000000 -20.000000 1.000000 255 255 50 returnToMenu
td_4_bar_data=100.000000 0 
